<NODES>
0 10000 0 0
270000 10000 0 0
0 70000 0 1
80000 80000 0 1
170000 80000 0 1
270000 80000 0 1
370000 140000 0 1
270000 140000 0 1
170000 140000 0 1
170000 200000 0 1
80000 200000 0 1
0 200000 0 1
0 470000 0 1
80000 330000 0 1
170000 330000 0 1
270000 200000 0 1
270000 260000 0 1
370000 200000 0 1
270000 330000 0 1
270000 470000 0 1
170000 470000 0 1
170000 390000 0 1
80000 390000 0 1
80000 470000 0 1
# Virtual exit node
135000 0 1 0
<EDGES>
1 2 5471
1 3 3701
2 1 5471
2 6 3379
3 1 3701
3 4 2896
3 12 3862
4 3 2896
4 5 1609
4 11 2414
5 4 1609
5 6 2414
5 9 1770
6 2 3379
6 5 2414
6 8 1448
7 8 1770
7 18 1931
8 6 1448
8 7 1770
8 9 3057
8 16 1931
9 5 1770
9 8 3057
9 10 644
10 9 644
10 11 1287
10 15 1770
10 16 1770
10 17 2574
11 4 2414
11 10 1287
11 12 3218
11 14 1448
12 3 3862
12 11 3218
12 13 3218
13 12 3218
13 24 2414
14 11 1448
14 15 1770
14 23 1448
15 10 1770
15 14 1770
15 19 1770
15 22 1931
16 8 1931
16 10 1770
16 17 644
16 18 1448
17 10 2574
17 16 644
17 19 965
18 7 1931
18 16 1448
18 20 4022
19 15 1770
19 17 965
19 20 1770
20 18 4022
20 19 1770
20 21 2092
20 22 2253
21 20 2092
21 22 965
21 24 1609
22 15 1931
22 20 2253
22 21 965
22 23 1609
23 14 1448
23 22 1609
23 24 804
24 13 2414
24 21 1609
24 23 804
# Virtual edges from 'exit nodes'
1 25 0
2 25 0